8191 0
218.092766 1.760287 3.559648 5.368572 7.140028 
216.641593 3.267827 6.862671 10.600158 14.016170 
210.182530 3.998443 9.328003 15.037535 20.318705 
205.205312 3.404850 9.737368 17.821761 24.829339 
201.871748 1.858853 8.213642 18.535915 27.601867 
199.982317 0.530964 5.591380 18.017255 29.201981 
208.105622 0.000000 0.000000 0.000000 0.000000 
219.049583 0.000000 0.000000 0.000000 0.000000 
210.136775 0.000000 0.000000 0.000000 0.000000 
197.866291 0.000000 0.000000 0.000000 0.000000 
202.602420 0.000000 0.000000 0.000000 0.000000 
215.174636 0.000000 0.000000 0.000000 0.000000 
201.980091 0.000000 0.000000 0.000000 0.000000 

4095 0
0.000000 0.000000 0.000000 0.000000 0.000000 
207.969258 1.997965 4.648887 7.680966 10.882217 
203.284607 2.598668 5.997805 10.662761 15.741339 
199.978078 1.719482 5.606398 11.827253 18.757957 
197.974950 0.677942 3.882956 11.652888 20.540686 
196.883240 0.061108 2.020363 9.866350 22.062152 
201.667057 0.000000 0.000000 0.000000 0.000000 
212.259544 0.000000 0.000000 0.000000 0.000000 
203.940518 0.000000 0.000000 0.000000 0.000000 
190.706094 0.000000 0.000000 0.000000 0.000000 
196.502508 0.000000 0.000000 0.000000 0.000000 
209.574333 0.000000 0.000000 0.000000 0.000000 
194.889142 0.000000 0.000000 0.000000 0.000000 

4095 1
0.000000 0.000000 0.000000 0.000000 0.000000 
204.931556 2.728274 6.119093 9.724639 12.983038 
199.575613 3.442716 8.023906 13.676368 18.450636 
195.239985 2.905678 8.520233 16.056766 22.887091 
192.401374 1.276462 7.014015 16.471130 25.451122 
191.078842 0.277491 4.006142 15.331742 27.224265 
200.942544 0.000000 0.000000 0.000000 0.000000 
211.898642 0.000000 0.000000 0.000000 0.000000 
203.449730 0.000000 0.000000 0.000000 0.000000 
189.628691 0.000000 0.000000 0.000000 0.000000 
196.095254 0.000000 0.000000 0.000000 0.000000 
209.226591 0.000000 0.000000 0.000000 0.000000 
193.854239 0.000000 0.000000 0.000000 0.000000 

4095 2
0.000000 0.000000 0.000000 0.000000 0.000000 
206.154288 3.267256 6.505466 10.188023 13.576476 
200.343949 4.142881 9.419164 14.481663 19.606700 
195.492711 3.561140 10.071019 17.611282 24.179557 
192.397357 2.130802 8.562342 18.655157 26.921838 
190.702876 0.487019 5.736273 18.019035 28.964414 
200.780298 0.000000 0.000000 0.000000 0.000000 
211.707222 0.000000 0.000000 0.000000 0.000000 
203.202125 0.000000 0.000000 0.000000 0.000000 
189.394559 0.000000 0.000000 0.000000 0.000000 
195.878731 0.000000 0.000000 0.000000 0.000000 
208.951693 0.000000 0.000000 0.000000 0.000000 
193.600021 0.000000 0.000000 0.000000 0.000000 

4095 3
0.000000 0.000000 0.000000 0.000000 0.000000 
206.852652 3.027146 6.343211 9.913393 13.483837 
200.525496 3.475011 8.341849 14.304068 19.169968 
195.706018 3.238541 9.026120 17.049712 24.018027 
192.704552 1.713420 7.592421 17.635401 26.898212 
191.315377 0.542789 5.030441 16.868436 28.501088 
198.628099 0.000000 0.000000 0.000000 0.000000 
209.372056 0.000000 0.000000 0.000000 0.000000 
200.821898 0.000000 0.000000 0.000000 0.000000 
187.460391 0.000000 0.000000 0.000000 0.000000 
193.392091 0.000000 0.000000 0.000000 0.000000 
206.498855 0.000000 0.000000 0.000000 0.000000 
191.759416 0.000000 0.000000 0.000000 0.000000 

4095 4
0.000000 0.000000 0.000000 0.000000 0.000000 
206.611931 3.366124 6.881028 10.801070 13.920714 
200.515091 4.451622 9.922900 15.450526 20.439335 
194.339764 4.147871 11.102051 19.173463 25.726125 
190.728068 2.723042 10.031885 20.952883 28.905824 
188.809696 1.011362 7.501678 20.671314 30.728052 
199.805426 0.000000 0.000000 0.000000 0.000000 
210.451430 0.000000 0.000000 0.000000 0.000000 
201.966486 0.000000 0.000000 0.000000 0.000000 
188.322390 0.000000 0.000000 0.000000 0.000000 
194.422659 0.000000 0.000000 0.000000 0.000000 
207.677485 0.000000 0.000000 0.000000 0.000000 
192.589500 0.000000 0.000000 0.000000 0.000000 

6143 0
204.720545 0.774915 1.745563 2.876197 4.096557 
0.000000 0.000000 0.000000 0.000000 0.000000 
202.251139 1.367518 3.459764 7.597056 11.481182 
199.381814 0.685381 2.992135 7.651273 13.979749 
197.484296 0.106223 1.713807 6.963835 15.673198 
196.492010 0.000000 0.623653 5.434421 16.543761 
196.932137 0.000000 0.000000 0.000000 0.000000 
207.967602 0.000000 0.000000 0.000000 0.000000 
199.328846 0.000000 0.000000 0.000000 0.000000 
186.898815 0.000000 0.000000 0.000000 0.000000 
191.939740 0.000000 0.000000 0.000000 0.000000 
205.760991 0.000000 0.000000 0.000000 0.000000 
191.573992 0.000000 0.000000 0.000000 0.000000 

6143 2
206.220063 1.334932 2.874404 4.332010 5.859069 
0.000000 0.000000 0.000000 0.000000 0.000000 
201.516337 2.770480 6.843567 11.337604 16.907793 
198.103353 1.899986 6.163260 12.969240 19.832152 
195.904227 0.678301 4.374117 12.671411 21.739303 
194.777147 0.049790 2.205167 10.958304 23.275983 
200.666126 0.000000 0.000000 0.000000 0.000000 
211.119897 0.000000 0.000000 0.000000 0.000000 
202.836112 0.000000 0.000000 0.000000 0.000000 
189.838318 0.000000 0.000000 0.000000 0.000000 
195.518766 0.000000 0.000000 0.000000 0.000000 
208.848668 0.000000 0.000000 0.000000 0.000000 
194.047194 0.000000 0.000000 0.000000 0.000000 

6143 4
205.984980 1.634674 3.596623 5.323739 6.927214 
0.000000 0.000000 0.000000 0.000000 0.000000 
198.714584 4.069179 9.721160 15.526235 19.797110 
192.818850 4.206181 11.241938 19.273863 25.325821 
189.746911 2.232821 9.565704 20.195226 27.931534 
188.090904 0.522296 6.195319 19.621934 29.535208 
199.300064 0.000000 0.000000 0.000000 0.000000 
210.182884 0.000000 0.000000 0.000000 0.000000 
201.646801 0.000000 0.000000 0.000000 0.000000 
188.197331 0.000000 0.000000 0.000000 0.000000 
194.643840 0.000000 0.000000 0.000000 0.000000 
207.549860 0.000000 0.000000 0.000000 0.000000 
192.347543 0.000000 0.000000 0.000000 0.000000 

6143 6
205.943460 1.643615 3.438855 5.366871 7.146505 
0.000000 0.000000 0.000000 0.000000 0.000000 
198.308300 4.403733 8.781884 15.166003 19.676165 
193.693648 3.261407 9.516071 17.220647 24.041495 
190.153979 2.064004 8.214566 18.490993 27.309500 
188.108644 0.583479 5.784646 18.156254 29.167093 
193.138943 0.000000 0.000000 0.000000 0.000000 
204.045689 0.000000 0.000000 0.000000 0.000000 
196.389792 0.000000 0.000000 0.000000 0.000000 
183.408757 0.000000 0.000000 0.000000 0.000000 
188.467949 0.000000 0.000000 0.000000 0.000000 
201.552593 0.000000 0.000000 0.000000 0.000000 
187.653050 0.000000 0.000000 0.000000 0.000000 

6143 8
203.752776 1.740285 3.532152 5.461385 7.331731 
0.000000 0.000000 0.000000 0.000000 0.000000 
199.501732 4.814741 11.333010 16.374950 20.265033 
192.450394 5.929999 14.171151 22.041915 26.342251 
187.287827 4.174711 13.503202 24.343857 30.533067 
184.517328 1.864145 10.735049 24.374289 32.090677 
196.436592 0.000000 0.000000 0.000000 0.000000 
206.646978 0.000000 0.000000 0.000000 0.000000 
199.293989 0.000000 0.000000 0.000000 0.000000 
185.612841 0.000000 0.000000 0.000000 0.000000 
191.241594 0.000000 0.000000 0.000000 0.000000 
204.168710 0.000000 0.000000 0.000000 0.000000 
189.518060 0.000000 0.000000 0.000000 0.000000 

7167 0
202.492241 0.240842 0.449053 0.828873 1.139817 
205.305556 0.154781 0.583527 1.192087 2.047195 
0.000000 0.000000 0.000000 0.000000 0.000000 
200.658404 0.000000 0.199993 1.088104 3.284315 
198.358670 0.000000 0.037615 0.827063 3.888473 
196.402976 0.000000 0.000000 0.478506 4.359314 
191.640575 0.000000 0.000000 0.000000 0.000000 
200.742929 0.000000 0.000000 0.000000 0.000000 
193.655217 0.000000 0.000000 0.000000 0.000000 
182.716061 0.000000 0.000000 0.000000 0.000000 
185.255333 0.000000 0.000000 0.000000 0.000000 
201.255648 0.000000 0.000000 0.000000 0.000000 
187.871489 0.000000 0.000000 0.000000 0.000000 

7167 3
202.314421 0.596359 1.329301 2.241863 3.266616 
203.663768 1.181711 2.341718 4.663030 7.143443 
0.000000 0.000000 0.000000 0.000000 0.000000 
198.480663 0.228448 1.578148 5.095394 10.866906 
196.405530 0.000000 0.724760 4.520983 12.227898 
195.234219 0.000000 0.183660 3.083936 12.664733 
193.278770 0.000000 0.000000 0.000000 0.000000 
204.206430 0.000000 0.000000 0.000000 0.000000 
195.669568 0.000000 0.000000 0.000000 0.000000 
183.866536 0.000000 0.000000 0.000000 0.000000 
187.970559 0.000000 0.000000 0.000000 0.000000 
202.575415 0.000000 0.000000 0.000000 0.000000 
188.701589 0.000000 0.000000 0.000000 0.000000 

7167 6
204.282412 1.544981 3.104326 4.664956 6.334828 
204.348637 2.294559 5.848925 8.623504 12.277659 
0.000000 0.000000 0.000000 0.000000 0.000000 
195.470001 1.901949 6.654440 13.698701 20.876221 
193.386892 0.438049 4.438301 13.358682 22.755411 
192.437971 0.000000 1.862443 11.330328 24.199013 
198.662068 0.000000 0.000000 0.000000 0.000000 
209.092605 0.000000 0.000000 0.000000 0.000000 
200.821065 0.000000 0.000000 0.000000 0.000000 
188.082798 0.000000 0.000000 0.000000 0.000000 
193.449545 0.000000 0.000000 0.000000 0.000000 
207.093612 0.000000 0.000000 0.000000 0.000000 
192.176501 0.000000 0.000000 0.000000 0.000000 

7167 9
203.867346 2.036958 3.584284 5.962219 7.468799 
202.109372 3.418026 6.372932 11.011437 14.077415 
0.000000 0.000000 0.000000 0.000000 0.000000 
191.026560 3.042842 9.596458 18.012334 25.343365 
188.103726 1.417931 7.590676 18.641274 27.838484 
186.201064 0.262602 4.779465 17.997799 29.562637 
194.157851 0.000000 0.000000 0.000000 0.000000 
204.943414 0.000000 0.000000 0.000000 0.000000 
196.446794 0.000000 0.000000 0.000000 0.000000 
183.914005 0.000000 0.000000 0.000000 0.000000 
189.014073 0.000000 0.000000 0.000000 0.000000 
202.672932 0.000000 0.000000 0.000000 0.000000 
187.969550 0.000000 0.000000 0.000000 0.000000 

7167 12
203.985631 1.592725 3.845495 5.502726 7.445931 
205.388809 5.277392 8.444748 11.949450 14.798093 
0.000000 0.000000 0.000000 0.000000 0.000000 
189.535059 7.083460 16.642440 25.289060 28.221816 
184.839282 4.475871 15.189099 27.082074 32.115727 
182.483132 1.722624 12.351787 27.308136 33.389355 
199.586901 0.000000 0.000000 0.000000 0.000000 
209.573527 0.000000 0.000000 0.000000 0.000000 
201.771549 0.000000 0.000000 0.000000 0.000000 
187.957020 0.000000 0.000000 0.000000 0.000000 
194.264574 0.000000 0.000000 0.000000 0.000000 
206.979636 0.000000 0.000000 0.000000 0.000000 
192.011326 0.000000 0.000000 0.000000 0.000000 

7679 0
199.947797 0.050443 0.144607 0.253210 0.405867 
202.941595 0.037089 0.153119 0.323522 0.726661 
200.759468 0.000000 0.033065 0.279389 0.929777 
0.000000 0.000000 0.000000 0.000000 0.000000 
196.033796 0.000000 0.000000 0.081861 1.232948 
194.034862 0.000000 0.000000 0.029098 1.297230 
188.309739 0.000000 0.000000 0.000000 0.000000 
196.034533 0.000000 0.000000 0.000000 0.000000 
190.210745 0.000000 0.000000 0.000000 0.000000 
179.689660 0.000000 0.000000 0.000000 0.000000 
181.493202 0.000000 0.000000 0.000000 0.000000 
197.985093 0.000000 0.000000 0.000000 0.000000 
184.948005 0.000000 0.000000 0.000000 0.000000 

7679 4
199.965642 0.276657 0.595614 1.114387 1.588439 
202.520662 0.244865 0.815147 1.806987 3.011665 
200.152748 0.137177 0.624726 1.823472 3.927382 
0.000000 0.000000 0.000000 0.000000 0.000000 
195.508055 0.000000 0.050747 1.248822 5.681798 
193.958651 0.000000 0.000000 0.641443 5.866138 
189.192066 0.000000 0.000000 0.000000 0.000000 
198.830168 0.000000 0.000000 0.000000 0.000000 
191.334979 0.000000 0.000000 0.000000 0.000000 
180.383041 0.000000 0.000000 0.000000 0.000000 
183.045896 0.000000 0.000000 0.000000 0.000000 
198.942097 0.000000 0.000000 0.000000 0.000000 
185.573279 0.000000 0.000000 0.000000 0.000000 

7679 8
200.779814 1.335386 2.766627 4.177123 5.903133 
201.090041 2.200542 4.612097 7.712991 11.380301 
196.974458 1.766577 5.188917 9.931143 15.273606 
0.000000 0.000000 0.000000 0.000000 0.000000 
192.321164 0.041136 1.930024 9.254860 19.370271 
191.445260 0.000000 0.564103 6.948257 20.478769 
193.575256 0.000000 0.000000 0.000000 0.000000 
204.649215 0.000000 0.000000 0.000000 0.000000 
196.160780 0.000000 0.000000 0.000000 0.000000 
183.895678 0.000000 0.000000 0.000000 0.000000 
188.895836 0.000000 0.000000 0.000000 0.000000 
202.806379 0.000000 0.000000 0.000000 0.000000 
188.295092 0.000000 0.000000 0.000000 0.000000 

7679 12
201.756076 1.986722 3.761533 5.999654 7.760517 
199.749987 3.236373 7.320748 11.584534 14.994527 
192.964759 4.033734 9.719917 16.074135 21.943260 
0.000000 0.000000 0.000000 0.000000 0.000000 
185.638646 1.005886 6.912878 18.486790 28.523769 
183.902090 0.094072 3.943672 17.756612 30.082326 
191.318821 0.000000 0.000000 0.000000 0.000000 
202.026613 0.000000 0.000000 0.000000 0.000000 
193.838729 0.000000 0.000000 0.000000 0.000000 
181.409387 0.000000 0.000000 0.000000 0.000000 
186.508944 0.000000 0.000000 0.000000 0.000000 
199.955197 0.000000 0.000000 0.000000 0.000000 
185.588498 0.000000 0.000000 0.000000 0.000000 

7679 16
203.750911 2.202963 4.217111 5.888975 7.932412 
205.326052 4.161514 8.736952 11.916453 13.935164 
196.507840 6.886386 13.871791 19.462710 22.242996 
0.000000 0.000000 0.000000 0.000000 0.000000 
182.467709 5.077130 17.240766 29.515326 32.933962 
180.764252 1.907943 13.495402 29.249182 34.141824 
199.288361 0.000000 0.000000 0.000000 0.000000 
208.786169 0.000000 0.000000 0.000000 0.000000 
201.774367 0.000000 0.000000 0.000000 0.000000 
187.987905 0.000000 0.000000 0.000000 0.000000 
194.090756 0.000000 0.000000 0.000000 0.000000 
206.621421 0.000000 0.000000 0.000000 0.000000 
191.646966 0.000000 0.000000 0.000000 0.000000 

7935 0
197.557377 0.016249 0.016249 0.043263 0.072729 
200.660240 0.000000 0.000000 0.032270 0.131633 
198.446611 0.000000 0.000000 0.011661 0.148092 
196.035408 0.000000 0.000000 0.000000 0.171571 
0.000000 0.000000 0.000000 0.000000 0.000000 
191.594582 0.000000 0.000000 0.000000 0.187892 
185.372754 0.000000 0.000000 0.000000 0.000000 
192.713176 0.000000 0.000000 0.000000 0.000000 
187.415843 0.000000 0.000000 0.000000 0.000000 
177.148696 0.000000 0.000000 0.000000 0.000000 
178.703477 0.000000 0.000000 0.000000 0.000000 
195.215641 0.000000 0.000000 0.000000 0.000000 
182.346655 0.000000 0.000000 0.000000 0.000000 

7935 5
197.680681 0.061774 0.241895 0.414825 0.697802 
200.608091 0.066493 0.249179 0.608432 1.254519 
198.391922 0.000000 0.093865 0.489714 1.610394 
196.007413 0.000000 0.013577 0.343050 1.901843 
0.000000 0.000000 0.000000 0.000000 0.000000 
191.593461 0.000000 0.000000 0.088323 2.570277 
185.822549 0.000000 0.000000 0.000000 0.000000 
194.131027 0.000000 0.000000 0.000000 0.000000 
187.985850 0.000000 0.000000 0.000000 0.000000 
177.532691 0.000000 0.000000 0.000000 0.000000 
179.510555 0.000000 0.000000 0.000000 0.000000 
195.738677 0.000000 0.000000 0.000000 0.000000 
182.699950 0.000000 0.000000 0.000000 0.000000 

7935 10
197.686482 1.076833 1.960811 3.290777 4.491543 
198.506990 1.448455 3.387623 6.034874 9.400753 
195.699146 0.818379 2.912922 6.723901 11.702516 
193.328190 0.089502 1.567146 6.263976 13.585305 
0.000000 0.000000 0.000000 0.000000 0.000000 
190.643373 0.000000 0.068978 2.981845 14.944470 
188.680805 0.000000 0.000000 0.000000 0.000000 
199.787327 0.000000 0.000000 0.000000 0.000000 
191.639169 0.000000 0.000000 0.000000 0.000000 
179.855111 0.000000 0.000000 0.000000 0.000000 
184.421859 0.000000 0.000000 0.000000 0.000000 
198.471676 0.000000 0.000000 0.000000 0.000000 
184.574862 0.000000 0.000000 0.000000 0.000000 

7935 15
199.132452 1.840951 4.020985 6.207501 8.282943 
196.888195 3.373069 7.433912 12.184236 15.869541 
190.307011 3.706927 9.397624 16.437989 22.568831 
185.899865 2.389299 8.548586 18.225571 26.645358 
0.000000 0.000000 0.000000 0.000000 0.000000 
181.570235 0.033202 2.858115 16.838651 30.670063 
188.192077 0.000000 0.000000 0.000000 0.000000 
198.862795 0.000000 0.000000 0.000000 0.000000 
191.039481 0.000000 0.000000 0.000000 0.000000 
178.858043 0.000000 0.000000 0.000000 0.000000 
184.025750 0.000000 0.000000 0.000000 0.000000 
197.180330 0.000000 0.000000 0.000000 0.000000 
183.201132 0.000000 0.000000 0.000000 0.000000 

7935 20
203.071376 2.464450 4.212940 6.521390 7.952900 
202.540038 4.809186 9.358985 13.142227 16.075264 
195.138460 7.357177 14.621944 20.335001 23.165067 
187.346393 7.456745 18.195564 26.899689 29.836148 
0.000000 0.000000 0.000000 0.000000 0.000000 
178.799302 1.732644 13.938154 30.546585 34.843196 
198.104990 0.000000 0.000000 0.000000 0.000000 
207.846571 0.000000 0.000000 0.000000 0.000000 
201.157373 0.000000 0.000000 0.000000 0.000000 
187.670368 0.000000 0.000000 0.000000 0.000000 
193.988604 0.000000 0.000000 0.000000 0.000000 
206.359679 0.000000 0.000000 0.000000 0.000000 
191.820836 0.000000 0.000000 0.000000 0.000000 

8063 0
195.584924 0.000000 0.000000 0.000000 0.000000 
198.688311 0.000000 0.000000 0.000000 0.000000 
196.449090 0.000000 0.000000 0.000000 0.000000 
194.035876 0.000000 0.000000 0.000000 0.000000 
191.594582 0.000000 0.000000 0.000000 0.000000 
0.000000 0.000000 0.000000 0.000000 0.000000 
182.886352 0.000000 0.000000 0.000000 0.000000 
190.582909 0.000000 0.000000 0.000000 0.000000 
185.238109 0.000000 0.000000 0.000000 0.000000 
175.023331 0.000000 0.000000 0.000000 0.000000 
176.500623 0.000000 0.000000 0.000000 0.000000 
192.974995 0.000000 0.000000 0.000000 0.000000 
180.093846 0.000000 0.000000 0.000000 0.000000 

8063 6
195.595199 0.025171 0.052648 0.124443 0.208193 
198.685980 0.000000 0.030059 0.121692 0.320457 
196.447778 0.000000 0.000000 0.073963 0.413320 
194.034862 0.000000 0.000000 0.029098 0.515663 
191.594539 0.000000 0.000000 0.012884 0.633748 
0.000000 0.000000 0.000000 0.000000 0.000000 
182.999805 0.000000 0.000000 0.000000 0.000000 
190.937154 0.000000 0.000000 0.000000 0.000000 
185.379737 0.000000 0.000000 0.000000 0.000000 
175.114129 0.000000 0.000000 0.000000 0.000000 
176.717123 0.000000 0.000000 0.000000 0.000000 
193.106808 0.000000 0.000000 0.000000 0.000000 
180.178156 0.000000 0.000000 0.000000 0.000000 

8063 12
195.566936 0.457432 1.070385 1.840222 2.748831 
197.691710 0.459480 1.463008 3.008222 5.408229 
195.234219 0.183660 0.947435 3.083936 6.996351 
193.263197 0.000000 0.339894 2.399997 7.812049 
191.150400 0.000000 0.054168 1.608983 8.723313 
0.000000 0.000000 0.000000 0.000000 0.000000 
184.710823 0.000000 0.000000 0.000000 0.000000 
194.738765 0.000000 0.000000 0.000000 0.000000 
187.622376 0.000000 0.000000 0.000000 0.000000 
176.437141 0.000000 0.000000 0.000000 0.000000 
179.925473 0.000000 0.000000 0.000000 0.000000 
194.863893 0.000000 0.000000 0.000000 0.000000 
181.315029 0.000000 0.000000 0.000000 0.000000 

8063 18
196.560723 2.092706 4.291116 6.623091 8.822568 
193.988762 3.690094 7.777864 12.647429 16.781453 
187.659820 3.320709 9.206295 16.539044 23.353439 
183.996162 1.627176 7.352899 17.662540 26.917008 
181.570235 0.248325 4.331503 16.838651 29.085833 
0.000000 0.000000 0.000000 0.000000 0.000000 
185.127628 0.000000 0.000000 0.000000 0.000000 
195.426257 0.000000 0.000000 0.000000 0.000000 
188.556179 0.000000 0.000000 0.000000 0.000000 
176.325940 0.000000 0.000000 0.000000 0.000000 
181.725522 0.000000 0.000000 0.000000 0.000000 
194.772479 0.000000 0.000000 0.000000 0.000000 
180.918128 0.000000 0.000000 0.000000 0.000000 

8063 24
202.837812 2.246375 4.597549 6.605825 8.553711 
199.102804 4.926084 10.159562 14.510198 17.820134 
195.675831 7.495825 15.288423 21.111173 23.662766 
186.745925 7.667697 18.802827 27.438281 31.019884 
181.314461 4.509714 17.546108 30.531416 34.433898 
0.000000 0.000000 0.000000 0.000000 0.000000 
197.773929 0.000000 0.000000 0.000000 0.000000 
207.665405 0.000000 0.000000 0.000000 0.000000 
201.610701 0.000000 0.000000 0.000000 0.000000 
187.656603 0.000000 0.000000 0.000000 0.000000 
194.106059 0.000000 0.000000 0.000000 0.000000 
206.726747 0.000000 0.000000 0.000000 0.000000 
191.841004 0.000000 0.000000 0.000000 0.000000 

8127 0
193.155402 1.810614 3.667620 5.536786 7.370945 
191.298326 3.295494 7.003553 10.900983 14.473638 
185.058593 3.873573 9.201641 15.106879 20.650113 
180.236513 3.084636 9.220234 17.511239 24.942318 
176.936033 1.589188 7.465996 17.799814 27.394619 
174.713996 0.446046 5.034810 17.164318 28.806457 
0.000000 0.000000 0.000000 0.000000 0.000000 
194.381011 0.000000 0.000000 0.000000 0.000000 
185.013732 0.000000 0.000000 0.000000 0.000000 
172.980585 0.000000 0.000000 0.000000 0.000000 
177.866708 0.000000 0.000000 0.000000 0.000000 
190.996272 0.000000 0.000000 0.000000 0.000000 
177.043124 0.000000 0.000000 0.000000 0.000000 

8159 0
203.641930 1.686259 3.373026 5.077193 6.735570 
202.151088 3.140768 6.546830 10.024605 13.264517 
195.468285 4.042174 9.180978 14.510116 19.436007 
189.776578 3.629972 9.932500 17.581222 24.175026 
186.037451 2.142719 8.740035 18.672556 27.189866 
183.604261 0.624087 5.994759 18.198958 28.959882 
194.381011 0.000000 0.000000 0.000000 0.000000 
0.000000 0.000000 0.000000 0.000000 0.000000 
196.071480 0.000000 0.000000 0.000000 0.000000 
183.593054 0.000000 0.000000 0.000000 0.000000 
188.760534 0.000000 0.000000 0.000000 0.000000 
202.223143 0.000000 0.000000 0.000000 0.000000 
188.203682 0.000000 0.000000 0.000000 0.000000 

8175 0
195.551617 1.802325 3.613816 5.482834 7.282838 
194.130777 3.292679 6.931753 10.815487 14.277717 
187.694679 3.963909 9.257137 15.163556 20.488929 
182.814980 3.294264 9.539964 17.733094 24.889538 
179.658316 1.754212 7.995436 18.423462 27.625203 
177.811054 0.479941 5.356416 17.958631 29.354452 
185.013732 0.000000 0.000000 0.000000 0.000000 
196.071480 0.000000 0.000000 0.000000 0.000000 
0.000000 0.000000 0.000000 0.000000 0.000000 
175.136442 0.000000 0.000000 0.000000 0.000000 
180.140315 0.000000 0.000000 0.000000 0.000000 
193.182789 0.000000 0.000000 0.000000 0.000000 
179.276445 0.000000 0.000000 0.000000 0.000000 

8183 0
182.569685 1.589614 3.222647 4.913110 6.629764 
181.833303 2.838735 6.136976 9.630129 13.110186 
176.385023 3.330879 8.010769 13.348688 18.720416 
172.011165 2.726827 8.157653 15.628330 22.832906 
169.262327 1.387651 6.579379 15.913118 25.395903 
167.647700 0.375312 4.300150 15.194020 27.031298 
172.980585 0.000000 0.000000 0.000000 0.000000 
183.593054 0.000000 0.000000 0.000000 0.000000 
175.136442 0.000000 0.000000 0.000000 0.000000 
0.000000 0.000000 0.000000 0.000000 0.000000 
170.118039 0.000000 0.000000 0.000000 0.000000 
180.514736 0.000000 0.000000 0.000000 0.000000 
166.693599 0.000000 0.000000 0.000000 0.000000 

8187 0
187.975500 1.805652 3.627061 5.452487 7.223536 
186.404834 3.383050 7.062517 10.829394 14.239488 
179.771350 4.174508 9.653354 15.399597 20.603332 
174.611556 3.653544 10.249607 18.423020 25.281989 
171.274337 2.073223 8.845195 19.389875 28.179457 
169.433688 0.614458 6.159286 19.090599 29.909113 
177.866708 0.000000 0.000000 0.000000 0.000000 
188.760534 0.000000 0.000000 0.000000 0.000000 
180.140315 0.000000 0.000000 0.000000 0.000000 
170.118039 0.000000 0.000000 0.000000 0.000000 
0.000000 0.000000 0.000000 0.000000 0.000000 
185.562197 0.000000 0.000000 0.000000 0.000000 
171.962950 0.000000 0.000000 0.000000 0.000000 

8189 0
200.978585 1.697019 3.408347 5.133833 6.850470 
199.974081 3.125238 6.578193 10.085084 13.433882 
193.691168 3.931758 9.106274 14.555565 19.717061 
188.572659 3.410053 9.628462 17.360742 24.164620 
185.144618 1.939092 8.274641 18.175671 26.978964 
183.271464 0.567884 5.712099 17.672709 28.610906 
190.996272 0.000000 0.000000 0.000000 0.000000 
202.223143 0.000000 0.000000 0.000000 0.000000 
193.182789 0.000000 0.000000 0.000000 0.000000 
180.514736 0.000000 0.000000 0.000000 0.000000 
185.562197 0.000000 0.000000 0.000000 0.000000 
0.000000 0.000000 0.000000 0.000000 0.000000 
184.468117 0.000000 0.000000 0.000000 0.000000 

8190 0
186.748698 1.476630 2.992198 4.601659 6.243499 
186.375545 2.629125 5.712669 9.046781 12.479466 
181.145813 3.032844 7.342084 12.424075 17.726180 
176.851272 2.497334 7.521120 14.593692 21.752111 
174.031484 1.306810 6.177344 15.105263 24.476162 
172.343684 0.361738 4.146021 14.718955 26.548841 
177.043124 0.000000 0.000000 0.000000 0.000000 
188.203682 0.000000 0.000000 0.000000 0.000000 
179.276445 0.000000 0.000000 0.000000 0.000000 
166.693599 0.000000 0.000000 0.000000 0.000000 
171.962950 0.000000 0.000000 0.000000 0.000000 
184.468117 0.000000 0.000000 0.000000 0.000000 
0.000000 0.000000 0.000000 0.000000 0.000000 
